data/basic/toy/elevation.asc
ncols 191
nrows 236
xllcorner 5840
yllcorner 280
cellsize 20
NODATA_value -9999
[rows 74 to 110 of 236, columns 0 to 83 of 191]
920 910 900 889 878 867 856 844 831 817 802 786 772 758 746 735 726 719 714 711 708 703 697 690 683 674 665 656 646 636 627 619 613 607 602 598 595 590 586 581 577 572 566 558 549 539 529 521 514 508 503 500 497 496 495 496 496 495 493 490 487 483 477 470 463 456 447 438 428 417 407 397 389 380 372 366 362 360 360 362 365 368 372 376
931 922 912 901 891 880 870 859 847 833 818 803 788 774 762 751 742 735 729 724 721 716 709 701 693 683 674 663 653 642 634 626 619 613 609 605 601 597 592 588 583 579 573 567 558 550 542 534 528 523 519 515 512 511 510 509 507 505 502 498 493 487 480 472 465 457 448 438 428 418 407 398 389 380 373 366 363 361 361 363 365 369 373 377
943 934 924 914 905 895 885 875 863 850 836 821 806 792 780 769 760 752 745 740 735 729 721 712 703 693 682 671 660 649 640 632 625 620 615 611 607 603 598 594 589 585 580 574 568 560 554 547 542 537 533 530 527 525 523 521 518 515 511 506 499 492 483 474 466 458 449 438 428 417 407 398 389 381 373 367 364 362 362 363 366 369 373 377
955 947 937 928 919 911 901 892 881 868 854 840 826 812 800 789 780 771 764 757 751 743 735 725 714 703 691 679 667 656 646 638 631 625 620 616 612 608 603 599 595 591 587 582 576 571 565 559 554 550 546 543 540 537 534 531 528 524 519 513 505 496 486 476 467 459 449 438 428 417 407 398 390 382 374 369 365 364 364 365 367 370 373 377
967 959 950 941 934 926 917 908 898 887 874 860 847 834 822 811 801 792 783 775 767 758 748 737 725 713 700 686 674 662 652 643 635 629 624 620 616 612 608 604 600 596 593 589 585 580 575 570 565 561 558 556 552 549 546 542 537 533 527 519 510 500 489 478 469 460 450 439 428 418 408 400 392 385 378 372 369 368 367 368 369 372 375 378
978 970 962 954 947 940 933 925 916 905 893 881 869 856 844 833 822 812 803 794 784 773 762 749 736 723 708 694 680 667 657 647 639 632 627 623 620 616 612 609 605 603 600 597 593 589 584 580 576 572 570 567 564 560 556 552 547 541 534 525 515 503 492 480 470 461 451 440 430 420 411 403 396 389 382 377 374 373 372 372 373 375 377 379
988 981 973 966 959 953 946 939 931 921 910 900 888 876 864 853 842 831 821 811 799 787 774 761 747 732 716 700 686 673 662 652 644 637 631 627 624 621 617 615 612 610 607 605 601 598 594 591 587 583 580 578 574 570 566 561 554 548 540 530 519 506 494 482 471 462 452 441 432 423 414 407 400 394 388 383 380 378 377 377 377 378 380 381
998 991 984 977 970 964 958 952 944 935 925 915 904 892 880 869 857 846 836 824 812 798 785 770 755 739 722 706 692 679 667 656 647 641 635 632 629 625 623 621 619 618 616 614 611 608 605 602 598 594 591 588 584 580 575 569 561 554 545 534 522 509 496 484 473 464 454 444 435 427 419 412 406 400 394 389 385 383 383 382 382 382 383 384
1008 1002 994 987 981 975 969 963 956 947 937 928 917 906 894 882 870 859 848 835 822 808 793 778 761 745 728 711 696 683 671 660 651 644 639 635 633 630 628 626 626 625 624 623 621 618 615 613 608 604 600 597 593 588 582 575 566 558 549 538 525 512 499 487 476 467 458 449 441 433 426 419 413 406 400 395 392 389 388 388 387 387 387 387
1017 1011 1004 997 990 984 978 972 965 956 947 938 927 915 903 891 878 867 856 843 829 815 800 784 768 751 734 717 701 688 675 664 654 647 642 638 635 632 631 631 631 631 631 631 630 628 626 623 619 614 609 606 600 595 588 580 571 562 553 541 527 514 502 490 480 471 462 454 446 439 433 426 420 414 408 403 399 396 395 394 393 392 391 389
1025 1019 1012 1005 998 992 986 980 973 964 955 945 934 922 910 897 884 873 861 849 835 821 806 790 774 757 740 722 707 692 679 667 657 650 644 640 637 635 634 634 635 637 638 639 638 637 635 632 627 622 617 612 607 600 592 584 575 566 556 543 530 518 506 495 484 475 467 460 453 447 440 434 428 423 417 412 407 404 401 400 397 395 393 389
1032 1026 1019 1012 1005 998 993 986 979 970 960 950 939 926 913 900 887 875 864 852 838 824 810 795 778 761 744 727 711 696 682 670 660 652 646 641 639 637 636 637 639 641 643 644 645 644 642 639 635 629 624 618 611 604 596 587 577 568 558 546 533 521 510 500 490 481 473 466 460 455 448 442 436 431 425 419 414 410 406 403 400 397 392 387
1038 1032 1024 1017 1010 1003 997 991 983 974 963 952 940 927 912 898 885 872 861 850 838 825 811 796 781 765 748 731 715 699 685 673 663 654 648 644 641 639 639 640 642 645 648 649 650 650 648 645 641 635 629 623 615 607 598 589 579 570 560 548 536 525 515 505 495 487 479 473 467 462 456 450 444 438 432 425 419 414 409 405 400 395 390 383
1044 1037 1029 1021 1013 1006 999 992 984 974 964 952 938 924 908 893 879 867 856 845 834 822 809 796 781 766 750 733 717 702 688 676 666 658 652 647 644 643 643 644 647 649 652 654 655 655 653 650 645 639 633 625 617 608 599 589 579 570 561 550 539 529 519 510 501 493 486 479 473 468 462 456 450 444 437 430 423 417 411 405 398 392 385 377
1050 1041 1033 1024 1016 1007 999 992 983 973 961 949 934 919 903 887 872 859 848 837 827 816 805 793 779 765 750 734 719 704 691 679 669 661 655 651 648 646 646 647 650 653 655 658 659 659 657 654 649 642 635 627 618 608 598 588 578 570 561 551 541 531 523 515 507 499 491 484 478 473 467 461 454 447 440 432 425 417 410 403 395 387 378 369
1054 1045 1036 1027 1018 1009 1000 991 982 971 959 945 930 913 897 880 865 852 840 830 820 810 800 789 776 763 749 734 719 705 692 681 672 664 658 654 651 650 649 651 653 656 659 661 662 662 660 657 651 644 636 627 617 607 596 586 577 570 562 553 543 535 526 519 512 504 496 489 482 477 471 464 457 449 442 433 425 416 408 399 389 380 370 359
1058 1049 1039 1030 1020 1010 1000 990 980 969 956 941 925 908 891 875 860 846 834 824 815 806 796 785 774 762 748 734 720 706 694 683 674 667 661 657 654 653 653 653 655 658 661 663 665 664 662 658 652 644 636 626 616 605 595 585 576 569 562 554 545 537 530 523 516 508 500 492 485 479 473 466 458 450 442 432 423 413 403 393 382 371 360 348
1062 1052 1042 1032 1021 1010 999 989 978 967 953 938 921 904 887 871 855 842 830 820 811 802 793 784 773 761 748 735 721 707 695 685 676 669 663 660 657 655 655 656 658 660 663 665 666 665 663 659 652 644 635 625 614 603 593 584 576 569 562 555 547 540 532 526 518 510 502 494 486 480 473 465 457 448 439 429 418 407 396 384 373 361 349 337
1066 1055 1044 1033 1022 1010 998 987 976 964 950 935 918 900 883 867 852 839 827 817 808 800 791 782 772 761 748 735 721 709 697 687 679 671 666 662 660 658 658 659 660 663 665 667 668 667 664 660 653 645 636 625 615 604 593 584 577 570 564 557 549 542 534 527 520 511 503 494 485 477 470 462 453 443 433 422 411 399 387 374 362 349 337 325
1070 1058 1046 1033 1021 1009 996 984 973 960 946 930 913 896 880 864 849 836 824 815 806 798 790 781 772 761 749 736 724 711 700 691 682 675 670 666 663 661 661 662 663 665 667 668 669 668 666 661 655 647 637 627 616 605 595 586 579 572 565 558 550 542 534 526 519 510 501 491 482 473 465 456 446 436 425 413 401 389 377 364 351 338 326 314
1074 1061 1047 1033 1020 1006 993 980 968 954 940 925 908 892 876 861 846 833 823 813 805 798 790 782 773 763 752 740 728 716 705 696 688 681 675 671 668 666 665 666 667 669 670 671 672 670 668 663 657 649 639 629 619 608 598 589 581 573 566 558 549 540 531 523 515 506 496 486 476 467 458 448 437 426 415 403 390 378 366 353 340 328 316 305
1077 1063 1048 1033 1019 1004 990 976 963 949 935 920 905 889 874 859 845 834 824 815 807 800 793 785 777 767 756 745 733 722 712 703 694 687 682 678 675 672 671 671 672 673 674 675 675 673 670 665 658 651 641 631 621 610 600 591 582 574 566 557 547 537 527 518 510 500 490 480 469 460 450 439 428 416 404 391 379 367 354 342 330 319 308 297
1078 1063 1048 1032 1017 1002 987 973 959 946 932 918 903 888 874 861 848 837 828 820 812 805 798 791 783 773 763 751 740 730 719 710 701 694 688 684 681 678 677 677 678 679 679 679 679 676 673 668 661 653 644 634 624 613 603 593 583 574 565 555 544 533 523 513 504 494 484 474 463 452 441 430 418 405 392 379 367 355 343 331 320 310 300 289
1077 1062 1047 1031 1015 1000 984 970 956 943 929 916 902 888 876 864 853 843 835 828 821 814 807 800 791 782 771 760 749 738 728 718 709 701 695 691 688 686 685 685 686 686 686 686 684 681 677 671 664 656 647 637 626 616 606 595 585 574 564 553 541 529 518 508 498 488 478 468 456 445 433 421 408 395 382 369 356 343 332 321 311 301 292 282
1077 1061 1045 1029 1012 996 981 967 953 940 927 914 901 889 878 868 858 850 842 836 829 823 817 810 801 792 781 770 759 748 737 726 717 709 703 699 696 693 693 694 694 694 694 693 690 686 682 676 668 659 650 640 629 618 608 596 585 574 562 551 538 526 514 503 492 482 472 462 450 438 426 413 400 386 373 359 346 334 322 312 303 294 284 275
1075 1059 1043 1026 1010 993 978 963 950 937 925 913 901 890 880 871 863 855 849 843 837 832 826 819 811 802 792 781 769 758 746 735 725 717 711 706 703 701 701 702 702 702 702 700 697 692 687 680 672 663 653 643 632 621 610 598 586 574 561 549 536 523 511 499 487 477 467 456 444 431 418 405 392 379 366 352 339 326 315 305 296 287 277 268
1073 1057 1040 1023 1006 990 974 961 948 935 923 912 901 891 882 874 867 860 855 850 845 840 834 828 821 812 802 791 780 768 757 746 736 727 721 716 712 710 710 711 711 711 710 708 705 699 694 686 677 667 657 645 634 623 611 599 587 574 561 548 535 522 509 496 484 473 463 451 439 426 413 400 387 373 360 346 333 320 308 298 289 279 270 261
1070 1054 1037 1021 1004 987 972 959 947 935 923 913 902 893 884 877 871 865 860 856 852 848 843 838 831 823 813 802 791 780 768 757 747 739 732 727 723 722 721 722 722 721 720 718 714 708 701 692 682 672 660 647 635 624 612 600 587 575 561 548 535 522 508 495 483 472 461 449 437 424 410 397 383 370 356 342 328 315 303 292 282 273 263 254
1068 1052 1035 1019 1002 986 972 959 947 936 925 915 905 896 888 881 875 870 866 862 858 855 852 847 841 833 824 813 802 791 780 769 760 751 744 739 736 735 734 734 734 733 732 729 724 717 709 699 688 676 663 649 637 625 612 599 586 574 561 548 536 522 509 495 483 472 461 449 436 423 409 396 382 368 353 338 324 310 298 287 277 267 257 248
1065 1049 1033 1017 1001 986 972 959 948 938 928 919 909 900 892 886 880 875 871 868 864 862 859 856 850 843 834 823 812 802 791 781 772 764 757 752 749 748 747 747 746 745 743 740 734 727 718 708 695 682 667 653 639 626 613 599 586 573 561 549 536 523 510 497 485 474 463 451 438 424 410 396 383 368 353 337 322 308 294 283 272 262 252 242
1063 1048 1032 1016 1001 986 973 961 950 940 931 922 913 904 896 890 885 879 876 873 870 868 866 864 859 852 843 833 822 812 802 793 784 777 770 765 763 762 761 760 759 758 755 751 746 738 729 717 704 689 673 657 642 628 614 600 586 574 562 550 538 525 512 500 488 477 466 453 440 426 412 398 384 369 354 337 321 306 293 280 269 258 247 237
1062 1047 1032 1017 1002 988 975 963 953 943 934 925 916 907 900 894 889 884 880 878 875 874 873 871 867 861 853 843 833 823 813 805 797 790 784 779 777 776 775 774 772 770 768 764 758 750 740 728 713 697 680 662 646 631 616 601 588 576 564 553 542 530 517 505 493 481 470 458 444 429 415 401 387 372 355 338 322 306 292 279 266 254 243 233
1062 1048 1034 1019 1005 991 978 966 956 946 937 929 919 910 902 896 891 886 883 881 880 879 879 878 875 870 863 854 843 834 825 818 811 804 798 794 792 791 790 788 786 784 781 776 770 762 751 738 723 706 687 668 651 634 619 604 591 579 568 557 547 535 523 511 499 487 475 463 449 434 420 406 391 375 358 340 323 307 292 278 264 251 239 229
1062 1049 1035 1022 1008 995 982 971 960 951 942 933 923 914 905 899 893 889 886 885 884 884 885 885 883 879 873 864 855 847 839 832 826 820 814 811 809 807 806 803 801 797 794 789 782 773 762 748 732 714 694 675 656 639 623 608 595 584 573 563 553 542 531 519 507 495 483 470 456 441 426 412 396 380 362 343 325 309 293 277 263 249 237 226
1064 1051 1039 1026 1013 1000 988 977 967 957 948 939 929 919 911 903 898 893 891 890 890 891 892 893 892 889 884 876 868 860 854 848 843 838 833 829 827 826 824 820 817 812 807 802 795 785 773 759 742 723 703 683 664 646 629 614 601 589 579 570 561 551 540 529 517 505 493 480 465 450 435 419 403 386 367 347 329 311 294 279 263 248 236 224
1068 1056 1044 1033 1020 1008 996 985 975 965 956 946 936 927 918 910 904 900 897 897 897 898 900 901 901 898 894 888 881 874 869 864 860 856 852 849 847 846 843 839 834 828 822 816 807 797 785 770 752 733 712 692 672 653 636 620 607 597 587 578 569 559 549 539 527 515 503 490 475 460 444 428 412 394 374 354 335 317 299 283 266 251 238 226
1073 1062 1051 1040 1028 1017 1005 995 984 974 964 954 944 935 926 918 912 907 905 904 905 906 908 909 909 907 904 899 893 888 884 881 878 875 872 870 868 866 862 858 851 845 837 829 820 809 796 780 762 742 722 702 682 663 645 629 616 606 596 587 578 569 559 549 537 525 513 499 485 469 454 438 422 404 384 364 345 326 307 290 272 256 242 229
