data/basic/toy/elevation.asc
ncols 191
nrows 236
xllcorner 5840
yllcorner 280
cellsize 20
NODATA_value -9999
[rows 37 to 73 of 236, columns 0 to 83 of 191]
546 540 536 531 526 520 515 510 504 497 488 478 466 455 442 428 412 395 379 364 351 337 323 308 292 277 262 246 229 210 191 173 156 141 127 114 103 94 86 79 74 70 68 68 70 74 79 84 91 100 108 115 121 126 131 134 137 139 142 144 146 148 150 152 156 160 164 168 173 178 185 192 199 206 215 224 232 240 248 255 261 268 273 278
557 553 550 547 543 538 534 528 522 513 503 492 480 467 453 437 420 402 385 370 355 341 325 309 293 277 262 246 228 208 189 171 154 139 124 111 101 92 85 79 74 70 68 68 71 74 78 83 89 96 104 110 116 121 125 129 132 135 137 140 141 143 144 146 149 152 156 160 165 171 179 187 194 203 212 222 232 240 248 255 262 268 273 278
570 567 565 563 559 555 551 545 538 529 517 505 492 478 463 446 428 410 392 376 360 345 328 311 295 278 263 246 227 207 188 169 152 137 122 109 99 91 84 78 74 70 69 70 72 75 79 83 88 94 100 106 111 116 120 124 128 131 134 136 138 140 140 141 143 146 149 153 158 164 171 180 189 198 209 219 230 239 248 256 262 269 274 279
583 581 579 578 575 572 567 561 553 543 531 517 503 488 472 455 437 418 399 382 366 350 333 315 298 281 264 247 228 208 188 169 152 137 122 109 98 90 85 79 75 72 71 72 75 78 81 83 88 92 97 102 106 111 115 119 123 127 130 133 135 137 137 137 138 140 143 146 150 156 164 173 183 193 204 216 227 238 248 256 264 270 276 281
596 595 594 593 590 586 582 575 567 556 543 529 514 498 482 464 445 426 407 389 373 356 339 320 302 285 267 249 230 209 189 171 154 138 124 110 100 92 87 81 77 75 74 75 78 81 83 85 88 91 94 98 102 105 110 114 118 122 127 130 133 133 134 134 134 136 138 140 144 150 158 167 177 188 200 212 225 237 248 257 266 273 279 285
608 608 607 606 604 600 595 588 579 568 554 540 524 508 491 473 454 435 416 398 381 364 347 328 309 291 273 254 234 213 193 174 157 142 127 114 103 96 90 85 81 79 78 80 82 84 86 87 89 91 92 95 98 101 104 108 113 118 123 127 130 131 131 132 132 133 134 136 140 145 153 162 172 183 196 209 222 235 247 258 267 275 283 289
621 621 621 620 618 614 608 602 592 580 565 550 534 517 500 482 463 444 425 407 390 373 356 337 318 298 280 260 240 219 199 180 163 148 133 120 109 101 96 91 87 84 84 85 87 89 90 90 91 91 91 92 94 96 99 103 108 114 119 124 128 129 130 131 132 132 133 134 137 142 150 158 168 180 193 206 220 234 246 258 269 278 285 292
634 635 636 635 633 629 623 616 605 592 577 561 544 526 509 491 472 453 435 417 400 383 365 346 327 307 288 268 248 227 206 188 171 155 140 127 117 108 102 97 93 90 90 90 92 93 94 93 92 91 90 90 91 93 95 99 104 111 117 122 126 129 131 132 133 133 133 135 138 142 148 156 166 177 190 205 219 233 247 260 271 281 289 296
648 649 650 650 648 644 638 630 619 605 589 572 554 536 518 500 481 462 444 426 409 392 375 357 337 317 298 278 257 237 216 198 180 164 149 136 125 116 110 105 101 98 97 97 98 99 99 97 95 92 90 89 89 90 92 96 101 108 115 122 127 130 133 135 137 137 136 137 139 142 148 155 164 176 189 204 219 234 248 262 274 284 292 299
661 663 664 664 662 657 651 643 631 616 600 582 563 544 525 507 488 469 451 434 417 401 385 367 348 328 308 288 268 247 227 209 191 175 159 146 135 126 119 114 110 107 106 106 106 106 105 103 100 96 92 90 90 90 91 94 100 107 114 122 128 132 136 139 141 141 140 140 141 144 149 156 166 177 191 206 221 236 251 264 276 286 294 301
673 676 677 676 674 669 662 654 642 627 610 591 571 551 532 513 494 475 457 440 424 409 394 377 358 339 319 299 279 259 239 221 203 187 171 158 147 138 130 124 120 117 116 116 115 114 113 111 107 102 98 94 93 92 93 95 100 107 114 122 129 134 139 143 145 145 145 145 146 148 153 160 169 181 195 210 226 240 254 267 279 289 297 303
683 686 687 686 684 680 673 664 652 637 620 600 579 558 539 520 501 482 463 447 431 417 402 386 367 349 330 310 290 271 252 234 216 200 185 172 161 151 143 137 132 129 128 127 126 124 123 121 117 111 106 102 100 99 98 100 103 109 116 124 131 137 142 146 150 150 150 150 152 155 160 167 176 188 202 217 231 245 258 270 282 291 298 304
692 695 696 696 694 689 682 673 661 646 629 609 588 566 546 527 507 488 470 454 438 424 410 394 376 359 340 321 301 283 265 248 231 215 200 187 175 165 157 150 145 142 140 139 137 135 134 132 127 122 116 112 109 107 106 106 109 114 121 128 135 140 146 151 155 157 157 158 160 164 169 176 186 197 210 224 238 250 262 273 283 292 298 303
700 703 704 704 702 697 690 681 669 654 636 617 595 574 554 534 515 496 478 461 446 431 417 402 386 369 351 332 314 296 279 263 246 231 216 203 191 181 171 164 158 155 152 150 148 146 145 143 139 134 128 123 120 118 116 116 118 122 128 134 141 147 153 159 163 165 166 167 170 174 179 187 196 207 219 232 244 255 266 275 284 291 296 301
706 709 710 709 708 703 696 687 675 660 643 624 604 583 563 543 523 504 486 469 454 440 426 412 396 380 363 345 327 311 295 279 263 247 232 219 208 197 187 179 172 168 165 163 160 158 156 155 151 146 141 136 132 130 128 127 128 132 137 143 149 156 162 168 172 175 176 178 181 185 191 198 207 217 229 241 251 260 269 277 284 290 295 298
711 713 714 713 711 707 700 691 679 665 649 632 612 591 571 551 532 514 496 479 463 449 436 422 407 392 375 358 341 326 310 295 279 264 249 236 225 213 203 195 188 184 180 177 174 172 170 168 165 160 154 150 146 143 141 140 141 145 149 155 161 167 173 180 184 187 189 191 194 198 205 212 220 230 240 251 259 267 274 280 285 290 293 295
714 716 716 715 712 708 702 693 682 669 654 638 619 599 579 560 542 524 506 489 474 460 447 434 419 404 388 371 355 340 326 311 295 281 267 255 243 232 222 213 206 202 198 194 191 189 187 184 180 176 170 166 162 159 157 156 157 160 164 170 175 181 187 193 198 200 202 205 209 213 220 228 236 245 254 262 268 273 278 282 285 288 290 291
717 718 718 716 713 709 702 694 684 672 658 643 625 607 588 570 552 534 517 500 485 471 458 445 431 415 399 383 368 354 340 326 312 299 286 274 263 252 241 232 225 220 216 212 209 207 204 201 197 193 188 183 179 176 174 173 174 177 181 186 191 196 202 208 212 215 217 220 224 229 236 244 251 259 267 273 277 280 282 284 286 287 287 288
720 720 719 717 714 710 703 695 685 674 661 647 631 613 596 578 561 545 528 511 496 482 469 456 441 426 410 395 381 368 355 342 329 317 305 293 282 271 261 252 244 239 235 231 228 225 222 219 215 210 205 200 197 193 191 191 192 195 199 203 208 213 219 224 228 230 232 236 240 245 252 259 266 273 279 283 284 285 286 286 286 286 286 286
724 723 722 719 716 711 705 697 687 676 664 650 636 620 603 586 570 554 537 521 506 492 479 466 452 437 422 407 394 382 371 359 347 335 324 313 302 291 280 271 263 258 253 249 245 243 240 236 231 226 221 217 214 211 209 209 211 214 218 222 226 230 236 241 244 246 248 252 256 261 267 273 279 285 289 291 291 289 288 287 286 285 284 283
729 728 726 723 719 714 707 699 688 678 667 654 640 625 609 593 578 562 547 531 516 502 489 476 463 448 434 420 408 397 387 375 364 354 343 332 321 310 300 290 283 277 272 267 264 261 257 253 248 242 237 233 230 228 226 227 230 233 237 241 244 248 253 258 261 263 265 269 273 278 283 288 292 296 299 298 296 293 290 288 285 284 282 281
736 734 732 728 724 718 710 701 691 680 669 657 643 629 614 599 584 570 555 540 525 512 500 488 474 461 447 434 423 413 403 392 382 372 362 352 341 330 320 311 303 297 292 287 282 279 275 270 264 258 252 248 246 244 243 245 248 252 256 260 263 267 271 276 278 280 283 286 290 294 298 301 304 307 308 306 301 297 293 289 286 284 281 280
745 742 738 734 729 723 715 705 694 683 671 659 647 633 618 604 590 576 562 548 535 523 511 499 487 474 461 448 438 428 419 409 399 391 382 372 362 351 342 333 325 319 313 307 303 299 294 287 280 273 268 263 261 259 259 261 265 270 274 278 282 285 289 293 296 298 300 303 307 310 312 315 316 317 316 313 307 301 296 292 288 284 282 280
755 751 747 741 735 728 719 709 698 686 675 663 651 637 623 610 596 583 570 557 545 533 522 510 498 486 474 462 452 443 434 425 416 409 401 392 382 373 364 356 348 341 335 329 324 319 313 305 296 289 282 278 275 274 274 276 281 287 292 296 299 302 306 310 313 314 316 319 322 324 325 326 326 325 323 319 312 305 300 294 289 286 283 282
767 762 757 750 743 735 725 714 702 690 679 667 655 642 629 616 603 590 578 566 554 543 532 521 510 499 487 476 466 457 448 441 433 426 419 411 403 394 386 378 370 363 357 350 344 338 330 321 312 303 296 291 289 288 288 291 296 303 308 312 316 319 323 327 329 330 331 333 335 336 336 335 334 331 328 323 316 309 302 297 292 288 285 284
780 774 767 760 752 743 732 720 708 696 684 672 660 647 635 622 609 597 585 574 563 552 542 532 521 511 500 490 480 472 464 457 450 444 438 431 423 416 408 401 393 385 378 371 363 356 347 337 327 317 310 304 302 301 302 305 311 317 323 328 331 335 339 342 344 345 345 346 347 347 346 344 340 337 333 327 320 312 306 300 295 290 288 286
793 786 778 770 761 751 740 727 714 701 689 677 665 653 640 628 615 603 592 582 572 562 553 544 534 524 515 505 495 487 480 474 467 462 456 450 443 436 429 422 414 407 399 391 382 373 364 354 342 332 324 318 316 316 317 320 325 332 338 342 347 350 354 357 359 359 358 358 358 357 355 351 347 342 337 332 324 317 310 304 299 295 292 290
806 798 790 780 771 760 748 735 721 708 695 683 671 658 646 634 622 611 601 592 583 574 566 557 549 540 531 521 512 504 497 491 485 479 474 469 463 457 450 444 436 428 420 411 401 391 381 370 358 347 339 333 331 331 332 335 341 347 353 358 362 365 368 371 373 372 370 370 369 367 363 358 353 347 342 336 329 322 315 309 304 301 298 296
820 811 802 792 781 769 757 743 728 715 702 689 677 665 653 641 630 620 611 603 595 587 580 572 565 557 548 539 530 522 515 508 502 497 492 487 482 477 471 465 457 449 441 431 420 409 398 386 374 363 354 348 346 346 348 351 357 363 369 374 378 381 384 386 387 385 383 381 379 375 371 365 358 352 347 341 334 328 321 316 312 308 306 304
833 823 813 802 791 779 765 751 736 722 709 696 684 672 660 649 639 630 622 615 608 601 595 587 580 573 565 556 547 539 532 525 519 514 509 505 501 496 490 485 478 470 461 451 439 426 414 401 389 378 369 363 361 361 363 367 372 379 385 389 393 397 399 401 401 398 395 391 388 383 377 371 363 357 351 346 340 333 328 323 320 317 315 314
845 835 824 813 801 788 774 759 744 730 717 704 692 680 669 658 649 640 633 627 622 615 609 602 595 588 580 571 563 555 548 541 535 529 525 521 518 514 509 503 497 489 480 469 457 443 430 417 404 393 384 379 376 376 378 382 388 394 399 404 408 411 414 415 414 410 405 401 396 390 384 376 368 361 356 350 345 339 334 331 328 326 325 325
856 846 835 823 810 797 783 768 754 740 726 713 701 689 678 667 658 651 645 639 634 629 623 616 610 603 595 586 578 570 563 556 550 544 539 536 534 530 525 520 514 507 498 487 473 459 445 432 420 409 400 395 392 393 395 399 404 409 414 418 422 425 426 427 425 420 414 409 403 397 389 381 373 366 360 355 350 345 341 338 336 335 334 334
867 856 845 833 820 807 793 779 764 750 736 722 709 697 686 676 668 660 655 651 647 642 636 630 623 616 609 600 592 584 576 570 564 558 553 550 548 544 540 535 529 523 514 503 489 475 461 449 437 426 417 411 409 410 412 416 420 425 429 432 435 437 438 437 434 429 423 417 410 403 395 386 378 371 364 359 354 350 346 344 343 343 343 343
877 867 856 844 831 818 804 790 776 762 747 732 718 706 695 684 676 670 665 661 658 654 648 642 636 629 621 613 605 596 589 582 576 570 566 563 560 557 552 548 543 536 529 518 504 490 477 465 453 443 435 430 428 428 430 433 437 440 443 446 448 449 448 447 443 437 431 424 417 408 400 391 383 375 368 362 357 354 351 350 350 350 351 352
888 878 867 855 842 829 816 803 789 774 759 743 729 716 705 694 686 680 676 673 670 666 661 655 648 641 634 625 616 608 600 593 587 581 576 573 571 567 563 558 553 547 540 530 517 504 491 480 469 460 453 448 446 446 448 450 453 456 458 459 460 460 458 455 451 444 437 430 422 413 403 394 386 378 371 365 360 357 355 355 356 357 359 361
899 889 878 866 854 841 829 816 802 787 772 756 742 729 717 706 698 692 688 685 683 679 674 667 661 654 645 637 627 618 610 603 596 590 585 582 579 575 571 566 562 556 550 540 529 516 504 494 484 476 470 465 463 463 464 466 469 471 471 471 471 469 467 462 457 449 442 434 425 415 405 395 387 378 371 365 361 359 358 358 360 363 365 368
910 900 889 877 865 854 842 830 816 802 786 771 756 743 731 720 712 705 700 697 695 691 685 679 672 665 656 647 638 628 619 612 605 599 594 590 587 583 579 574 569 564 558 549 539 528 517 507 499 492 487 483 480 479 480 482 483 484 483 482 480 477 473 467 461 453 445 436 427 416 406 396 388 379 372 366 362 360 359 361 363 366 369 373
