data/basic/toy/elevation.asc
ncols 191
nrows 236
xllcorner 5840
yllcorner 280
cellsize 20
NODATA_value -9999
[rows 0 to 36 of 236, columns 84 to 167 of 191]
308 318 329 342 356 371 386 401 417 434 451 469 486 502 518 531 543 553 562 568 572 576 579 582 587 594 601 609 619 629 640 650 660 670 679 689 698 708 716 724 731 738 746 752 757 761 764 765 765 763 760 755 749 744 739 734 730 728 728 728 727 725 722 718 713 707 700 691 682 673 665 658 650 642 634 627 620 613 605 596 588 581 575 570
304 314 326 339 353 368 383 398 415 431 448 465 481 497 512 525 537 547 555 561 565 568 571 575 580 587 594 602 612 622 632 642 651 659 667 675 684 692 700 707 714 721 728 735 741 745 749 750 751 750 748 744 739 734 728 723 719 716 715 714 713 710 706 702 697 691 684 676 667 659 651 644 636 628 621 613 606 600 592 584 576 570 564 560
299 310 323 336 351 365 380 396 412 428 444 459 475 490 504 517 527 537 545 551 555 559 563 567 573 581 589 597 606 616 626 635 643 650 657 663 671 678 685 691 697 704 711 718 724 730 733 736 737 737 736 733 728 724 718 713 708 705 703 701 699 695 691 686 681 675 669 662 653 646 639 631 624 616 609 602 595 588 581 573 567 561 556 551
294 306 319 333 347 362 377 392 408 423 438 452 467 480 494 506 517 526 535 541 546 551 556 561 568 576 584 593 602 612 621 629 636 642 647 652 658 664 670 676 681 687 694 702 709 715 719 722 724 725 725 723 719 714 709 703 698 694 691 688 685 681 676 671 666 660 655 649 641 634 627 621 614 607 600 593 586 579 572 565 559 554 549 544
288 300 314 329 343 357 372 387 402 416 430 443 456 469 482 494 504 514 523 530 535 542 548 555 562 571 580 588 598 607 616 623 629 634 638 641 646 651 657 662 667 673 680 688 696 702 707 711 713 715 715 714 711 706 701 695 689 684 680 676 672 667 662 656 651 646 641 636 629 623 617 610 604 598 591 585 578 571 565 559 553 549 544 539
281 293 307 322 337 352 366 381 395 408 421 433 445 457 469 481 491 501 511 518 525 533 541 548 556 566 575 584 593 602 610 617 623 627 629 632 636 640 645 650 655 661 668 676 684 691 697 701 704 706 707 706 704 700 694 688 682 676 670 666 661 655 648 642 636 631 627 622 617 612 606 600 595 589 584 578 571 565 559 554 549 545 540 535
272 285 300 315 330 345 359 373 387 400 412 423 434 444 456 468 478 488 498 507 515 524 533 541 550 559 569 578 587 596 604 611 616 620 622 624 628 631 636 640 645 650 657 665 673 681 686 691 694 697 699 699 697 694 688 682 675 668 661 655 649 642 635 628 622 617 613 610 605 601 596 591 586 581 577 571 565 560 554 548 544 540 535 530
265 277 292 308 323 337 351 365 378 390 402 412 422 432 443 455 465 476 486 496 505 515 524 533 542 552 562 571 580 589 597 604 609 613 615 617 620 623 627 631 636 641 648 655 664 671 677 682 686 689 691 692 691 688 683 677 669 661 654 647 639 631 622 614 608 604 600 597 594 590 586 582 578 573 569 565 559 553 548 543 538 534 530 524
257 269 284 300 315 329 343 356 369 381 392 401 410 419 430 441 452 463 473 484 494 505 515 525 534 545 554 564 573 582 590 597 603 607 609 611 614 617 621 625 629 634 640 648 655 663 669 674 678 681 684 686 686 683 679 672 664 655 647 638 630 620 611 602 596 591 588 585 582 579 575 572 569 565 562 557 552 547 541 537 532 528 523 517
248 260 275 291 306 320 334 348 361 372 382 391 399 408 418 429 440 450 462 473 485 496 508 518 527 538 547 556 565 574 582 590 596 600 603 605 608 611 615 619 624 629 635 642 650 657 663 668 672 676 679 681 681 679 674 667 658 649 640 630 620 610 599 590 583 578 575 573 570 567 565 562 559 557 554 549 545 540 535 530 526 521 516 509
238 250 265 281 296 311 325 339 352 363 373 382 389 398 408 419 430 441 453 465 478 490 502 512 522 531 541 549 558 566 574 581 587 592 595 598 601 605 610 615 620 625 631 638 646 653 659 663 667 670 673 675 675 672 668 660 651 641 631 621 610 599 589 579 572 567 564 561 559 557 555 552 550 548 546 542 537 532 527 523 519 514 508 501
227 239 254 270 286 301 315 329 342 354 365 374 382 391 401 412 423 435 447 460 473 485 496 506 515 524 533 541 548 556 563 571 577 582 586 590 594 599 604 610 615 621 628 635 642 648 654 658 661 664 667 668 667 664 659 651 642 632 622 611 600 589 578 568 561 556 553 550 548 547 545 543 541 539 537 533 529 524 519 515 510 505 499 491
217 228 242 259 275 290 305 320 334 347 358 368 377 386 396 407 419 431 443 456 468 481 491 500 509 517 524 531 538 544 551 559 565 571 576 581 586 592 598 604 611 617 623 630 637 643 648 652 655 657 658 659 657 654 649 641 632 621 611 601 589 578 567 557 549 544 541 538 536 534 533 531 529 527 525 522 518 513 508 504 500 494 488 480
208 218 232 248 265 281 296 312 326 340 352 363 372 382 393 404 416 428 441 453 466 477 487 496 504 510 516 521 527 532 538 545 552 558 564 569 576 582 590 597 604 611 618 624 631 637 641 644 646 648 649 648 647 643 638 630 620 610 600 589 577 565 555 545 536 531 527 524 521 520 518 516 514 513 510 507 504 500 496 492 488 483 476 469
202 212 226 242 258 274 290 305 320 335 347 359 369 380 390 402 415 427 439 452 464 475 485 493 499 504 508 512 517 521 526 531 538 544 551 557 564 572 580 588 596 604 611 617 623 629 633 635 636 637 637 636 634 630 625 617 607 597 587 576 565 552 541 531 522 516 512 508 504 503 501 499 497 495 493 491 488 485 482 479 475 470 464 456
199 209 222 238 254 271 286 302 316 331 343 355 367 378 389 401 413 426 438 451 463 474 483 490 496 499 502 505 508 510 514 518 524 530 537 544 552 561 570 579 587 595 603 609 615 620 624 626 626 625 624 622 620 615 609 601 592 582 572 562 550 538 527 517 508 501 496 491 487 485 482 480 478 477 475 473 471 470 468 466 463 458 452 444
197 207 221 236 252 269 285 300 314 328 341 353 365 376 387 399 412 424 437 450 462 472 481 488 493 496 498 499 500 501 503 506 511 517 524 532 540 549 559 569 578 586 594 600 606 611 613 614 614 612 610 608 604 599 593 585 575 566 556 546 534 522 511 501 492 485 479 474 470 467 464 462 460 458 457 456 455 454 453 452 450 446 440 432
196 207 220 236 251 268 284 299 314 328 341 353 365 376 387 399 411 423 436 448 460 470 479 485 489 491 492 493 493 492 492 495 499 504 511 519 528 538 548 558 567 575 583 589 595 599 601 602 601 598 596 593 589 583 576 568 558 548 538 528 517 505 494 484 475 468 462 457 453 449 446 443 441 440 439 438 439 439 439 438 437 433 427 420
197 208 221 236 252 268 284 300 315 329 342 354 366 377 387 398 409 421 433 445 457 467 475 481 484 486 486 486 485 483 482 484 487 492 499 507 516 526 537 547 556 563 571 577 582 586 588 588 587 584 581 578 573 567 559 551 540 530 520 509 498 487 476 466 457 450 444 439 435 431 428 425 423 422 421 422 423 424 425 426 424 421 416 409
201 211 224 239 255 271 287 302 317 331 344 356 367 378 388 398 408 419 430 442 452 462 469 475 478 480 479 478 476 474 473 473 476 481 488 496 506 515 526 535 544 552 559 564 569 573 574 575 573 571 568 564 559 553 545 536 525 514 503 491 480 468 457 446 437 430 424 420 416 412 408 406 404 403 404 405 406 409 411 412 412 409 404 398
206 217 230 244 259 275 291 306 321 335 347 359 370 380 389 398 407 417 428 438 448 457 464 470 473 474 473 471 469 466 464 464 466 471 478 487 496 505 515 524 533 540 547 552 557 560 562 563 562 559 556 552 547 540 532 522 511 499 487 474 462 449 437 426 416 409 404 400 396 392 389 387 386 386 386 388 390 394 396 399 399 396 392 386
214 224 237 251 265 280 296 311 325 339 351 362 373 382 390 398 406 415 425 434 443 451 459 464 466 467 466 464 462 459 457 456 458 463 470 478 488 497 506 515 523 531 537 542 546 550 552 553 551 548 545 541 535 528 520 509 497 484 471 458 444 430 418 406 397 390 385 381 378 375 372 370 370 370 371 373 376 380 383 386 386 384 380 374
222 232 244 257 271 286 301 315 330 343 355 366 376 385 392 398 405 413 422 430 438 446 452 457 459 460 459 457 454 452 450 449 452 456 464 472 481 491 500 508 516 523 529 534 538 541 543 543 542 539 535 530 524 517 507 496 484 470 457 442 428 413 400 389 379 372 368 364 361 359 357 356 355 355 356 358 361 365 369 371 372 370 366 361
231 240 251 263 276 290 305 319 334 347 359 370 379 387 393 399 404 411 418 425 433 439 445 448 450 450 449 448 446 444 443 443 446 451 458 467 476 485 494 502 510 516 522 527 531 533 535 535 534 530 526 521 514 506 496 485 472 458 443 428 413 398 384 373 364 357 353 350 348 346 344 343 342 342 343 345 347 350 354 356 357 355 351 346
238 247 257 268 280 294 308 323 337 351 363 374 383 390 395 400 404 409 415 421 427 432 436 439 440 440 439 437 436 435 435 436 439 445 453 462 472 481 489 497 504 511 516 521 524 527 527 527 526 522 518 512 505 496 486 474 461 446 431 415 399 384 371 359 350 344 339 337 335 333 331 331 330 330 330 331 332 335 338 341 341 339 335 330
245 253 262 272 284 296 311 325 340 354 366 377 386 393 397 401 404 408 412 417 421 425 428 430 430 429 427 426 425 425 426 428 432 439 447 457 467 477 485 493 500 507 512 516 519 521 521 520 518 515 510 503 495 486 476 463 450 435 419 403 387 372 358 347 338 331 327 324 323 321 319 318 318 317 317 317 317 319 322 324 324 321 317 312
252 259 267 277 287 299 313 327 341 355 367 378 387 394 398 401 404 407 410 414 416 418 420 421 420 418 416 415 415 416 418 421 426 433 442 453 463 473 482 490 497 504 508 512 515 515 514 513 510 506 500 493 485 475 465 452 439 424 408 392 376 361 348 336 327 320 316 313 311 309 307 306 305 304 303 302 302 303 304 306 306 303 299 293
259 265 273 282 292 303 315 328 342 356 367 378 387 394 398 401 403 405 407 409 411 411 412 411 410 408 406 405 405 407 410 413 419 427 437 448 459 470 479 487 494 500 504 507 509 508 506 504 501 496 490 482 473 463 452 441 427 412 397 382 367 352 339 327 318 311 307 304 301 298 296 294 292 290 289 287 286 285 286 286 285 282 278 272
266 272 278 287 296 306 317 330 343 356 367 377 386 392 396 399 400 401 402 403 403 403 403 402 400 398 396 395 396 398 401 405 412 421 432 443 455 466 475 483 490 495 498 500 501 500 497 493 490 485 478 469 460 450 439 428 415 401 386 372 359 345 332 321 313 306 301 297 293 289 286 283 280 277 274 271 269 267 266 266 264 260 255 249
271 277 283 291 299 308 319 331 343 355 365 374 382 389 392 394 395 395 395 395 395 394 393 391 389 387 385 385 386 388 392 398 405 415 426 439 451 462 472 479 484 489 491 492 492 489 485 481 477 472 465 456 447 436 426 415 403 389 376 364 351 339 327 317 309 302 296 292 287 282 277 273 269 264 260 256 252 249 246 244 241 237 231 224
276 281 288 295 302 311 321 331 342 353 363 371 378 383 387 388 389 388 387 386 386 384 383 380 378 376 375 376 377 380 384 390 399 409 421 433 445 457 466 473 477 480 481 481 480 476 471 467 463 457 451 442 433 422 412 402 391 379 367 356 345 334 323 314 306 298 292 286 280 274 269 263 257 251 246 240 235 230 226 222 218 213 206 198
279 284 291 298 305 313 322 332 342 351 360 367 373 378 381 382 382 380 379 377 376 374 372 370 368 367 367 367 369 372 377 384 392 403 414 426 438 450 459 465 468 470 470 469 466 462 455 450 446 441 435 427 418 408 399 390 380 369 358 348 338 327 318 309 302 294 287 281 274 267 260 253 246 239 232 225 219 212 206 201 195 189 181 173
281 286 293 300 307 315 323 332 341 349 356 362 367 372 374 374 374 372 370 368 367 365 362 360 358 358 359 360 362 366 370 377 386 397 407 419 430 441 450 455 457 457 456 453 449 444 437 431 427 423 417 410 402 393 384 376 367 357 347 338 329 320 312 304 296 288 281 274 267 259 252 244 235 227 219 211 203 194 186 179 172 165 156 147
282 288 294 301 308 316 324 331 339 346 352 357 361 364 366 366 364 362 360 358 357 355 352 350 349 350 351 354 356 360 364 371 380 390 400 411 421 431 438 442 443 442 440 436 431 425 418 412 408 404 399 392 385 377 369 362 355 346 336 328 320 312 304 297 290 282 275 267 259 252 243 234 225 215 206 196 186 176 166 157 149 141 131 122
283 288 295 302 309 316 323 330 337 343 348 351 354 356 357 356 354 352 349 347 346 344 342 340 340 341 344 347 351 354 359 366 374 383 393 402 410 419 425 427 427 425 421 417 411 405 398 392 388 385 381 375 369 362 355 349 342 334 325 317 310 302 295 288 281 273 266 259 251 242 234 224 213 203 192 180 169 158 146 136 126 117 108 98
283 288 295 302 309 316 322 329 335 340 344 345 347 348 348 346 344 341 338 336 335 334 333 331 331 334 337 341 345 348 353 360 368 377 385 393 400 407 412 413 412 408 404 398 392 386 379 373 369 367 363 359 353 347 340 335 328 321 313 305 297 290 284 277 270 262 255 248 240 231 222 212 201 189 177 164 152 139 126 115 104 95 86 77
283 288 295 301 308 315 321 327 333 337 339 339 340 340 338 336 334 331 328 326 326 325 324 323 324 327 331 335 339 343 348 355 363 371 378 384 390 396 399 400 398 393 388 382 375 369 362 356 352 350 347 343 338 332 326 320 314 307 299 291 284 276 270 263 256 249 242 234 226 218 209 198 186 174 160 147 134 120 107 95 84 75 66 58
