data/basic/toy/elevation.asc
ncols 191
nrows 236
xllcorner 5840
yllcorner 280
cellsize 20
NODATA_value -9999
[rows 111 to 147 of 236, columns 0 to 83 of 191]
1079 1069 1060 1050 1038 1026 1015 1005 994 984 974 963 953 944 934 927 920 916 914 913 913 915 916 917 917 916 914 910 906 902 899 897 896 894 892 890 888 885 882 876 868 860 852 843 833 821 807 791 772 753 733 713 693 674 656 640 628 617 607 598 590 580 570 560 548 535 522 509 494 479 464 448 432 414 394 375 355 336 317 298 279 262 248 235
1087 1078 1069 1060 1049 1037 1026 1016 1006 995 984 973 963 954 945 937 931 926 924 923 924 925 925 926 926 926 924 921 919 916 914 913 913 913 911 910 908 905 901 894 885 876 866 855 844 832 817 801 782 764 744 725 706 687 669 655 643 632 623 613 604 595 585 574 560 547 533 519 504 489 474 458 442 424 406 386 367 347 327 308 288 270 255 241
1095 1088 1080 1071 1060 1050 1039 1029 1019 1008 996 985 974 965 956 949 942 938 935 934 935 936 936 937 937 936 935 933 932 930 929 929 930 931 930 930 927 924 919 911 902 891 879 867 855 842 827 810 792 774 756 737 719 702 685 671 659 649 640 630 621 611 601 589 575 560 545 531 515 500 484 468 453 436 418 399 379 359 339 319 298 279 263 248
1105 1098 1091 1083 1073 1062 1052 1043 1033 1021 1009 997 986 977 968 960 954 950 947 946 947 948 948 948 948 948 947 946 945 944 944 946 948 949 949 949 946 942 936 927 916 904 891 878 864 851 835 818 800 783 766 749 732 715 699 686 675 666 657 647 638 628 616 604 589 573 558 542 526 511 494 479 463 447 430 411 392 372 351 331 310 290 273 257
1116 1110 1103 1096 1086 1077 1067 1058 1047 1035 1023 1010 998 988 980 972 966 961 959 958 959 960 960 960 960 959 959 958 958 958 960 962 965 967 967 967 964 959 952 942 929 916 902 887 873 858 843 826 808 792 776 760 744 729 714 702 691 682 674 664 654 643 632 618 603 587 571 554 538 522 505 489 474 458 441 423 404 384 363 343 322 302 283 266
1127 1122 1116 1109 1100 1091 1082 1072 1062 1049 1036 1022 1010 1000 991 984 978 974 972 971 972 973 973 972 971 971 970 971 972 972 974 978 981 983 983 983 980 974 966 955 941 927 912 897 882 867 851 834 817 800 785 771 757 742 729 717 708 699 690 680 670 659 647 633 617 600 583 566 550 533 516 500 484 469 452 435 416 396 375 355 334 313 295 277
1138 1133 1128 1121 1113 1104 1095 1086 1075 1062 1049 1035 1022 1012 1003 996 991 987 984 984 985 985 985 984 983 982 982 983 984 985 988 993 996 998 998 998 994 987 979 967 953 938 923 907 890 874 858 841 825 809 795 781 768 756 744 733 724 715 706 696 685 673 660 646 630 613 595 578 561 545 528 511 495 480 464 447 428 408 387 366 345 325 305 287
1149 1145 1140 1133 1125 1117 1108 1099 1088 1075 1061 1048 1035 1024 1016 1008 1003 999 997 995 996 997 996 995 994 994 993 994 996 998 1001 1006 1009 1010 1010 1010 1006 999 989 977 963 948 932 915 898 881 865 848 832 817 803 791 779 768 757 747 739 730 721 711 699 687 673 658 642 625 608 590 574 557 539 522 507 491 475 457 439 419 398 377 356 335 315 295
1159 1156 1151 1145 1138 1130 1121 1112 1101 1088 1075 1061 1048 1037 1028 1021 1016 1012 1009 1007 1008 1008 1007 1006 1006 1005 1004 1005 1007 1009 1012 1016 1019 1020 1020 1019 1015 1007 998 986 971 956 939 922 904 887 870 854 838 824 811 799 789 780 770 761 752 744 734 724 712 699 685 670 653 637 620 603 586 569 552 534 518 502 485 467 449 428 407 386 365 344 323 302
1169 1166 1162 1157 1150 1142 1134 1125 1114 1102 1089 1075 1062 1051 1042 1035 1029 1025 1021 1019 1019 1019 1018 1017 1016 1015 1015 1016 1017 1019 1022 1026 1028 1028 1028 1026 1021 1014 1004 992 977 962 945 927 909 892 875 859 843 829 817 806 797 788 780 771 764 755 746 735 723 710 696 681 665 648 632 616 599 582 564 546 530 513 496 478 459 438 417 396 374 352 330 308
1178 1176 1172 1167 1161 1153 1145 1136 1126 1114 1101 1087 1074 1063 1054 1047 1042 1037 1032 1030 1029 1029 1027 1026 1025 1025 1024 1025 1027 1028 1031 1034 1035 1035 1033 1031 1026 1018 1008 995 981 966 949 931 913 895 878 862 847 833 821 811 802 795 787 780 773 765 756 746 734 721 706 691 676 660 644 628 612 595 577 560 543 526 508 489 469 449 427 406 384 361 338 314
1187 1184 1181 1176 1170 1163 1154 1145 1135 1124 1111 1098 1086 1075 1066 1059 1053 1048 1043 1040 1038 1037 1035 1034 1034 1033 1033 1034 1035 1036 1039 1041 1041 1040 1037 1034 1028 1020 1009 996 982 968 951 934 916 898 881 865 851 837 826 816 808 801 794 788 781 774 765 755 743 731 717 702 687 671 656 640 625 608 591 573 556 538 520 501 481 460 438 416 393 369 345 320
1193 1191 1188 1184 1178 1170 1162 1153 1143 1132 1121 1109 1096 1086 1078 1070 1064 1058 1053 1048 1046 1044 1042 1041 1041 1040 1040 1041 1043 1043 1045 1047 1045 1042 1039 1035 1028 1019 1008 996 982 968 952 936 918 900 884 869 854 842 831 821 814 808 803 797 791 784 776 766 754 741 727 713 698 683 668 653 638 622 605 588 570 552 533 514 494 472 449 425 401 376 351 324
1198 1196 1193 1189 1183 1176 1168 1159 1150 1140 1129 1118 1107 1097 1089 1081 1074 1068 1061 1056 1053 1050 1047 1046 1046 1047 1047 1048 1049 1050 1051 1051 1048 1044 1039 1034 1026 1017 1006 994 980 967 952 936 919 902 886 871 858 846 836 827 821 816 812 807 802 795 787 777 766 753 739 724 710 695 681 666 651 635 619 602 585 566 547 528 506 484 460 436 410 384 357 329
1201 1199 1195 1191 1186 1179 1172 1164 1156 1147 1138 1128 1118 1108 1100 1092 1085 1077 1070 1063 1058 1055 1052 1050 1050 1051 1051 1052 1053 1053 1054 1053 1050 1044 1038 1031 1023 1013 1003 990 977 964 949 934 918 902 887 873 860 849 840 833 827 823 820 817 812 806 798 789 777 764 750 736 721 707 693 678 664 649 633 617 600 582 562 542 520 497 472 446 419 391 363 333
1200 1198 1195 1191 1186 1180 1173 1166 1159 1152 1145 1136 1128 1119 1111 1103 1095 1086 1077 1070 1064 1059 1055 1053 1053 1053 1054 1055 1055 1055 1055 1053 1048 1042 1035 1027 1018 1008 998 986 973 960 946 932 917 902 888 874 862 853 844 838 833 830 828 825 822 817 809 800 789 776 762 748 733 719 705 691 677 662 646 630 614 596 576 556 533 509 484 457 428 399 368 338
1196 1194 1191 1187 1183 1177 1172 1166 1161 1155 1149 1143 1136 1129 1121 1113 1105 1095 1086 1077 1069 1063 1058 1055 1054 1054 1055 1055 1055 1054 1053 1051 1045 1039 1031 1022 1012 1002 992 980 968 956 943 929 915 901 888 875 865 856 849 843 839 837 836 834 832 827 821 812 801 789 775 761 747 732 718 703 689 674 658 643 627 609 589 568 545 521 494 466 437 406 374 342
1190 1187 1184 1180 1176 1172 1167 1163 1159 1155 1152 1147 1142 1137 1130 1123 1114 1104 1094 1084 1075 1068 1062 1058 1056 1054 1054 1054 1053 1051 1050 1046 1041 1033 1025 1016 1007 997 986 975 963 951 939 926 913 900 888 876 867 859 854 849 846 845 844 844 842 838 833 824 814 803 789 776 761 746 731 716 701 685 670 654 638 620 600 579 556 531 504 475 444 412 380 347
1180 1178 1175 1171 1168 1164 1161 1158 1156 1154 1152 1150 1147 1143 1138 1131 1122 1112 1102 1091 1081 1072 1065 1060 1057 1054 1053 1051 1049 1047 1044 1040 1034 1027 1019 1010 1001 991 981 970 958 947 936 924 912 899 888 877 869 863 859 855 853 853 854 854 853 850 844 837 827 816 803 789 775 760 744 728 713 697 681 665 648 629 610 589 565 540 512 483 451 418 385 352
1169 1166 1163 1160 1158 1156 1154 1153 1152 1152 1152 1152 1151 1148 1143 1137 1128 1119 1108 1097 1086 1077 1068 1062 1057 1054 1051 1047 1044 1041 1037 1033 1027 1019 1012 1004 996 987 978 967 956 945 934 923 911 899 888 879 872 867 864 861 861 861 863 864 863 860 855 848 839 828 815 801 787 773 757 740 724 708 691 675 658 638 618 597 573 547 519 488 456 423 390 356
1155 1153 1151 1149 1148 1147 1148 1148 1149 1150 1152 1154 1154 1151 1147 1141 1133 1124 1113 1102 1091 1080 1071 1063 1057 1051 1047 1042 1037 1033 1029 1024 1018 1011 1005 998 991 984 975 965 955 944 934 923 911 899 889 881 875 871 868 867 867 869 871 872 872 869 864 857 849 838 826 812 798 784 768 752 735 718 701 684 667 647 626 603 579 553 524 493 461 428 395 361
1142 1140 1138 1137 1137 1138 1140 1142 1144 1147 1151 1154 1154 1153 1150 1144 1136 1127 1116 1105 1093 1083 1073 1064 1056 1048 1042 1036 1029 1024 1019 1014 1008 1003 997 992 987 980 973 963 954 944 933 922 910 899 889 881 876 873 871 871 872 875 877 879 879 876 872 865 856 846 834 820 807 793 777 761 744 727 711 693 675 654 632 610 585 558 529 498 466 433 400 368
1128 1126 1125 1125 1126 1128 1131 1135 1139 1143 1148 1152 1154 1153 1151 1146 1139 1130 1119 1108 1096 1085 1074 1064 1054 1045 1037 1029 1021 1014 1009 1003 998 993 990 986 982 977 970 962 953 943 933 921 909 898 889 882 878 875 874 875 877 880 883 885 884 882 877 871 862 851 840 827 813 800 784 768 752 735 718 701 682 661 638 615 590 563 534 502 470 438 406 373
1115 1114 1114 1115 1117 1120 1124 1129 1133 1139 1145 1150 1153 1153 1151 1147 1140 1132 1122 1111 1099 1088 1076 1065 1054 1043 1033 1023 1014 1006 999 993 988 984 982 980 978 974 968 961 952 943 933 921 909 898 890 883 880 878 878 879 882 885 888 890 889 886 882 875 866 855 844 831 819 805 790 774 758 741 725 707 687 665 643 619 595 567 538 506 474 442 410 379
1104 1104 1105 1107 1110 1114 1119 1124 1129 1135 1142 1147 1151 1152 1150 1147 1141 1134 1125 1114 1103 1091 1079 1067 1055 1043 1031 1019 1008 999 991 985 980 977 976 975 974 972 966 960 952 943 933 921 910 899 891 885 882 881 882 883 886 890 893 894 892 889 884 877 868 857 845 833 821 808 794 778 762 746 730 712 693 670 647 624 599 571 542 510 478 446 416 385
1096 1097 1098 1101 1105 1109 1115 1121 1127 1133 1140 1145 1149 1150 1149 1146 1141 1135 1127 1117 1106 1094 1082 1070 1056 1042 1029 1016 1003 993 985 978 973 971 971 971 971 969 965 959 952 943 933 922 911 901 893 888 885 884 885 887 891 894 896 896 894 890 884 876 867 855 843 831 820 808 795 780 765 749 734 717 698 676 652 628 603 576 547 515 483 452 421 391
1090 1092 1094 1098 1102 1107 1113 1119 1125 1131 1138 1143 1147 1148 1147 1145 1140 1135 1128 1119 1108 1096 1084 1071 1057 1042 1027 1013 1000 989 980 973 968 966 967 968 969 968 964 959 953 944 935 925 914 904 897 892 889 888 889 891 894 897 899 898 895 890 883 874 864 852 839 827 816 805 793 780 766 751 737 721 702 681 657 634 609 582 553 521 490 459 429 399
1087 1090 1093 1096 1101 1106 1112 1118 1124 1130 1135 1140 1144 1145 1145 1142 1138 1133 1127 1118 1108 1097 1085 1071 1057 1042 1027 1012 998 986 977 970 965 963 964 966 967 967 964 960 954 947 938 928 917 908 902 897 894 893 893 895 898 900 900 898 894 888 880 870 858 846 833 821 811 801 789 777 765 752 739 723 706 686 663 640 615 588 560 529 497 467 437 408
1087 1090 1094 1098 1102 1107 1112 1118 1124 1129 1134 1138 1141 1142 1141 1139 1135 1130 1124 1116 1107 1096 1084 1071 1057 1042 1026 1011 997 984 974 967 963 961 962 964 966 966 964 961 956 949 940 931 921 913 907 902 899 897 898 900 902 903 902 898 892 885 875 864 852 839 826 814 804 795 785 774 763 751 739 725 709 690 668 646 622 596 568 537 506 476 446 417
1090 1093 1097 1100 1104 1108 1113 1118 1123 1127 1131 1134 1137 1139 1138 1136 1132 1128 1122 1114 1105 1095 1083 1071 1056 1041 1025 1010 996 983 973 966 962 961 961 963 965 966 965 962 958 951 944 935 927 919 913 908 905 903 904 904 905 905 903 897 890 881 871 858 845 832 819 807 797 788 778 768 759 748 738 725 711 693 673 652 628 603 576 546 515 485 455 426
1094 1098 1101 1104 1107 1111 1114 1118 1122 1126 1128 1131 1134 1135 1135 1133 1129 1125 1120 1113 1104 1094 1082 1070 1055 1040 1024 1009 995 983 973 966 962 961 961 963 965 967 967 965 961 956 949 942 934 927 921 916 913 910 910 910 909 907 904 896 888 878 866 852 838 824 811 799 789 781 772 763 754 745 736 725 712 696 677 656 634 609 583 554 524 494 464 436
1100 1103 1106 1109 1111 1113 1116 1119 1122 1124 1126 1128 1130 1132 1132 1130 1127 1124 1118 1112 1103 1093 1081 1068 1054 1038 1023 1009 995 983 974 967 963 962 963 965 967 969 969 969 966 962 956 950 943 936 930 925 921 917 915 914 912 909 903 895 885 873 861 846 832 817 803 792 782 774 766 758 750 742 734 725 713 698 680 661 639 615 590 561 532 502 473 445
1105 1109 1111 1113 1114 1115 1117 1119 1122 1123 1124 1126 1128 1130 1130 1129 1126 1122 1117 1110 1102 1091 1079 1066 1051 1036 1021 1008 995 984 975 969 965 964 965 967 969 971 973 973 972 968 964 958 951 945 939 933 928 923 920 917 914 910 903 893 881 869 856 841 826 811 797 785 775 768 760 753 746 740 733 724 714 701 684 665 645 621 596 569 540 511 482 455
1110 1113 1116 1117 1117 1117 1118 1120 1122 1122 1123 1124 1126 1127 1128 1126 1124 1120 1115 1108 1099 1089 1077 1063 1049 1034 1020 1007 995 985 976 971 967 966 967 969 972 975 977 979 978 975 971 966 960 954 948 942 936 930 926 921 916 911 903 892 880 866 852 837 822 806 792 779 770 762 755 748 742 736 730 723 714 702 686 668 649 626 602 575 547 518 491 465
1114 1117 1119 1120 1120 1119 1119 1121 1122 1122 1122 1122 1124 1125 1126 1124 1121 1117 1112 1105 1097 1086 1075 1062 1048 1034 1020 1008 996 986 978 973 970 969 970 973 976 979 982 984 985 983 979 975 970 964 957 951 944 937 931 925 919 912 903 892 879 866 851 835 820 804 789 776 765 756 749 742 737 732 726 720 712 701 686 670 651 629 605 579 552 524 498 474
1117 1119 1121 1122 1121 1120 1120 1121 1121 1121 1121 1121 1122 1123 1123 1122 1119 1114 1109 1102 1094 1084 1073 1060 1047 1033 1021 1009 998 988 981 976 973 972 974 976 979 983 986 989 990 989 987 983 978 973 967 959 952 944 937 929 922 913 904 893 880 866 851 835 819 803 787 773 761 751 743 737 731 727 722 716 709 699 685 670 651 630 607 582 555 529 504 481
1117 1120 1121 1122 1121 1120 1120 1121 1121 1121 1120 1120 1121 1121 1121 1120 1116 1112 1106 1100 1092 1083 1072 1060 1046 1033 1022 1010 1000 991 983 979 976 975 977 979 982 986 990 993 995 994 993 990 986 981 975 968 960 951 943 934 926 916 906 895 883 869 854 838 821 804 787 772 759 748 740 733 727 723 719 713 707 697 684 668 650 629 606 582 557 532 509 487
